Intercept: 46.622871927211875
k: -0.500696973655914
threshold: -1.2770327460222035
clustering_KiralyMSMApproximateClustering: 12.03840835375087
clustering_UniqueMappingClustering: 10.100616640203677
lm_sdistilroberta: 7.615603112884532
lm_sent_glove: 5.079045449569247
lm_sminilm: 9.876467165320772
lm_smpnet: 8.913348099388424
lm_st5: 11.999029956592935
lm_word2vec: 3.3536686756720577
