Intercept: 50.2337153777236
k: -0.5273629158867886
threshold: -1.7634450786650921
clustering_KiralyMSMApproximateClustering: 9.690612870674844
clustering_UniqueMappingClustering: 8.224232355260376
lm_sdistilroberta: 8.391334800166907
lm_sent_glove: 5.5905364552157515
lm_sminilm: 11.258378342403956
lm_smpnet: 10.199535744596544
lm_st5: 15.839164806001559
lm_word2vec: 3.953679026196431
