Intercept: 46.63860074759834
k: -0.0025276640058381756
threshold: -1.2111245692911015
clustering_KiralyMSMApproximateClustering: 8.454491273954984
clustering_UniqueMappingClustering: 7.301031863336713
lm_sdistilroberta: 8.191657148416194
lm_sent_glove: 5.493242333472392
lm_sminilm: 12.551783508801812
lm_smpnet: 10.59644765751301
lm_st5: 15.751568460800373
lm_word2vec: 3.402725113940896
