Intercept: 50.74297744786991
k: -1.018518291120584
threshold: -2.5074991472450607
clustering_KiralyMSMApproximateClustering: 12.72490757104094
clustering_UniqueMappingClustering: 11.13956825472889
lm_sdistilroberta: 8.744584328630802
lm_sent_glove: 5.368389098656234
lm_sminilm: 12.254595791561247
lm_smpnet: 10.522527183348593
lm_st5: 16.02337381574982
lm_word2vec: 4.101814557960465
